0 0.09111111111111111 0.23333333333333334 0.16444444444444445 0.31555555555555553
0 0.4111111111111111 0.5288888888888889 0.2088888888888889 0.26666666666666666
0 0.5866666666666667 0.5177777777777778 0.1688888888888889 0.27111111111111114
0 0.5955555555555555 0.8044444444444444 0.24888888888888888 0.26666666666666666
0 0.4111111111111111 0.8111111111111111 0.14666666666666667 0.25333333333333335
0 0.10888888888888888 0.8133333333333334 0.18222222222222223 0.2311111111111111
0 0.23777777777777778 0.49333333333333335 0.16444444444444445 0.27555555555555555
0 0.2577777777777778 0.20444444444444446 0.1688888888888889 0.26666666666666666
0 0.43555555555555553 0.20222222222222222 0.14222222222222222 0.29777777777777775
0 0.6133333333333333 0.21555555555555556 0.1511111111111111 0.28
0 0.7688888888888888 0.22666666666666666 0.1688888888888889 0.3022222222222222
0 0.7511111111111111 0.5066666666666667 0.20444444444444446 0.26666666666666666
0 0.9222222222222223 0.8288888888888889 0.14666666666666667 0.15555555555555556
