     0/199     7.38G       4.8        20         0      24.8        27       512         1   0.00179    0.0981   0.00358      4.27      2.55         0
     1/199     7.38G      3.43       3.1         0      6.52        24       512     0.609     0.237     0.304     0.341      3.59      1.77         0
     2/199     7.38G      3.19      2.23         0      5.41        19       512      0.39     0.532     0.427      0.45      3.46      1.54         0
     3/199     7.38G      3.17      1.85         0      5.02        25       512     0.512     0.579     0.509     0.543      3.23      1.15         0
     4/199     7.38G      3.33       1.8         0      5.13        23       512     0.354    0.0753     0.124     0.124      4.24      1.56         0
     5/199     7.38G      2.89      1.74         0      4.64        24       512   0.00267    0.0197  0.000539   0.00471      8.26      14.7         0
     6/199     7.38G      3.34      1.57         0      4.91        23       512     0.651     0.352     0.459     0.457       3.4      1.17         0
     7/199     7.38G      2.92      1.49         0      4.41        21       512     0.806     0.112      0.48     0.197      3.33      1.35         0
     8/199     7.38G      3.31      1.59         0       4.9        22       512    0.0271     0.219    0.0313    0.0482      3.84         3         0
     9/199     7.38G       2.9      1.48         0      4.38        21       512     0.585    0.0609     0.185      0.11      3.86      1.42         0
    10/199     7.38G      3.21      1.48         0      4.69        31       512     0.744     0.329     0.498     0.456      3.42      1.08         0
    11/199     7.38G      3.26      1.55         0      4.81        25       512      0.45     0.182     0.185     0.259      4.57      1.81         0
    12/199     7.38G      3.26      1.54         0       4.8        21       512  0.000535    0.0269   0.00433   0.00105      4.23      21.9         0
    13/199     7.38G      2.66      1.47         0      4.13        18       512    0.0102     0.238    0.0154    0.0196      4.31      17.7         0
    14/199     7.38G      3.04      1.55         0       4.6        19       512     0.026     0.303    0.0252    0.0478      3.25      3.14         0
    15/199     7.38G      2.93      1.38         0      4.31        21       512     0.825     0.459     0.611      0.59       3.1     0.911         0
    16/199     7.38G      2.64      1.34         0      3.98        22       512     0.577     0.448     0.427     0.505      3.19     0.965         0
    17/199     7.38G      2.33      1.34         0      3.67        21       512      0.75     0.473     0.586      0.58      3.06     0.855         0
    18/199     7.38G      2.84      1.24         0      4.09        32       512     0.796     0.545     0.626     0.647      2.95     0.786         0
    19/199     7.38G      2.84      1.26         0      4.09        17       512      0.82     0.531     0.683     0.645       2.7     0.767         0
    20/199     7.38G      2.39      1.18         0      3.57        28       512     0.851      0.41     0.682     0.553      2.86     0.794         0
    21/199     7.38G      2.35      1.18         0      3.53        20       512      0.88     0.328     0.701     0.478      2.64     0.792         0
    22/199     7.38G      2.54      1.16         0       3.7        21       512      0.85     0.346     0.673     0.492      2.75     0.799         0
    23/199     7.38G      2.28      1.21         0       3.5        20       512     0.886     0.486     0.708     0.628      2.62     0.777         0
    24/199     7.38G      2.75      1.17         0      3.91        21       512     0.854     0.455     0.639     0.594      2.88     0.769         0
    25/199     7.38G      2.36      1.16         0      3.52        21       512     0.828     0.563     0.713      0.67      2.64     0.755         0
    26/199     7.38G      2.51      1.09         0      3.61        19       512      0.84     0.507       0.7     0.633      2.59     0.759         0
    27/199     7.38G      2.32      1.09         0      3.41        29       512     0.868     0.472     0.734     0.612      2.45     0.765         0
    28/199     7.38G      2.17      1.09         0      3.25        24       512     0.855     0.527     0.736     0.652       2.4     0.769         0
    29/199     7.38G      2.48       1.1         0      3.57        23       512     0.866     0.579     0.744     0.694      2.36     0.759         0
    30/199     7.38G      1.97      1.12         0      3.08        28       512     0.859      0.69     0.778     0.766       2.3     0.759         0
    31/199     7.38G      2.04       1.1         0      3.14        25       512     0.902     0.526     0.715     0.664      2.44     0.755         0
    32/199     7.38G       2.2      1.08         0      3.28        27       512     0.842     0.562     0.715     0.674      2.26     0.749         0
    33/199     7.38G      1.84      1.05         0      2.89        18       512     0.891     0.469     0.752     0.614      2.18     0.795         0
    34/199     7.38G      2.07      1.04         0      3.11        31       512     0.887     0.563     0.768     0.689      2.14     0.786         0
    35/199     7.38G      2.06      1.12         0      3.18        20       512     0.909      0.52     0.754     0.661      2.09     0.778         0
    36/199     7.38G      1.91      1.09         0         3        29       512     0.906      0.57     0.756       0.7      2.14     0.761         0
    37/199     7.38G      2.15      1.09         0      3.23        30       512     0.924     0.567     0.742     0.703      2.22       0.8         0
    38/199     7.38G      1.94      1.09         0      3.03        19       512     0.874     0.558     0.724     0.681      2.25     0.814         0
    39/199     7.38G      1.93     0.991         0      2.92        20       512     0.884     0.599     0.772     0.714      2.09     0.773         0
    40/199     7.38G       1.9      1.06         0      2.95        22       512       0.9     0.615     0.777     0.731      2.22     0.738         0
    41/199     7.38G      1.62      1.09         0      2.71        33       512     0.875     0.667     0.788     0.757      2.21     0.737         0
    42/199     7.38G       2.1      1.07         0      3.18        26       512     0.806      0.67     0.709     0.732       2.2     0.737         0
    43/199     7.38G         2      1.04         0      3.03        18       512     0.895     0.656     0.792     0.757      2.06     0.729         0
    44/199     7.38G      1.81      1.03         0      2.85        17       512     0.876     0.647     0.767     0.745       2.1     0.752         0
    45/199     7.38G      2.01      1.05         0      3.05        24       512     0.904      0.69     0.782     0.783      2.08     0.763         0
    46/199     7.38G      1.89      1.06         0      2.95        19       512     0.869     0.706     0.766     0.779      2.09     0.737         0
    47/199     7.38G      2.08         1         0      3.09        19       512     0.905     0.608     0.765     0.727      2.36     0.777         0
    48/199     7.38G      1.57      1.03         0       2.6        20       512     0.929     0.559     0.747     0.698      2.29     0.829         0
    49/199     7.38G      1.96      1.01         0      2.97        33       512     0.891     0.629     0.761     0.737      2.11     0.765         0
    50/199     7.38G       1.6      1.02         0      2.62        22       512     0.877     0.651     0.797     0.747      1.97     0.745         0
    51/199     7.38G      1.92      1.07         0      2.99        25       512     0.902     0.697     0.825     0.786      2.07      0.73         0
    52/199     7.38G      1.68      1.07         0      2.75        23       512     0.942     0.672     0.826     0.784      1.98     0.751         0
    53/199     7.38G      1.86      1.06         0      2.91        25       512     0.894      0.71     0.806     0.792      2.06     0.713         0
    54/199     7.38G      1.87         1         0      2.87        27       512     0.891     0.689     0.788     0.777      2.03     0.728         0
    55/199     7.38G      1.88      1.03         0      2.91        23       512      0.86     0.693     0.784     0.767      2.07     0.695         0
    56/199     7.38G      1.79     0.975         0      2.77        28       512     0.893     0.701     0.796     0.785      2.14     0.699         0
    57/199     7.38G      1.71     0.942         0      2.65        22       512     0.915      0.73     0.824     0.812      1.97     0.704         0
    58/199     7.38G      1.74      1.01         0      2.75        26       512      0.92     0.682     0.792     0.783      1.96     0.749         0
    59/199     7.38G       1.6     0.964         0      2.56        19       512     0.912     0.679     0.789     0.778      1.99     0.733         0
    60/199     7.38G      1.81     0.933         0      2.74        14       512     0.926     0.661     0.789     0.772         2     0.717         0
    61/199     7.38G      1.81     0.947         0      2.76        22       512     0.929     0.699     0.791     0.797      1.98     0.724         0
    62/199     7.38G      1.69      0.98         0      2.67        20       512     0.922     0.695     0.809     0.793      2.04     0.727         0
    63/199     7.38G      1.73     0.969         0       2.7        20       512     0.924     0.765     0.833     0.837      2.04     0.685         0
    64/199     7.38G      1.63     0.995         0      2.62        18       512     0.909      0.76     0.822     0.828      2.02     0.685         0
    65/199     7.38G      1.56     0.915         0      2.48        20       512      0.93     0.713     0.813     0.807      2.01     0.705         0
    66/199     7.38G      1.69     0.997         0      2.69        20       512     0.894     0.667     0.806     0.764      1.98     0.729         0
    67/199     7.38G      1.59     0.978         0      2.57        24       512     0.909     0.692     0.812     0.786      1.97     0.691         0
    68/199     7.38G       1.6     0.905         0       2.5        16       512     0.918     0.686     0.803     0.786      1.93     0.707         0
    69/199     7.38G      1.54     0.868         0       2.4        21       512     0.918     0.666     0.793     0.772      2.03     0.747         0
    70/199     7.38G      1.55     0.881         0      2.43        21       512     0.924     0.671     0.797     0.777      2.03     0.762         0
    71/199     7.38G      1.55     0.888         0      2.44        21       512     0.928     0.668     0.787     0.777      1.99     0.751         0
    72/199     7.38G      1.47     0.896         0      2.37        24       512     0.909      0.69     0.789     0.785      2.02     0.751         0
    73/199     7.38G      1.62     0.918         0      2.54        20       512      0.94     0.696     0.803       0.8      1.97     0.745         0
    74/199     7.38G      1.74     0.892         0      2.64        22       512     0.912     0.703     0.815     0.794      1.92     0.756         0
    75/199     7.38G      1.76     0.899         0      2.65        28       512     0.934     0.636     0.824     0.757      1.89     0.766         0
    76/199     7.38G      1.42     0.829         0      2.25        20       512      0.92      0.71     0.832     0.801       1.9     0.716         0
    77/199     7.38G      1.48     0.886         0      2.36        21       512     0.896     0.742     0.838     0.812      1.92     0.678         0
    78/199     7.38G      1.49     0.866         0      2.35        18       512      0.92      0.64     0.836     0.755         2     0.695         0
    79/199     7.38G      1.63     0.872         0       2.5        21       512     0.911     0.718     0.853     0.803      1.84     0.718         0
    80/199     7.38G      1.48     0.862         0      2.34        20       512     0.913     0.752     0.855     0.825      1.85     0.703         0
    81/199     7.38G      1.45     0.817         0      2.27        25       512     0.925     0.725     0.849     0.812       1.8     0.716         0
    82/199     7.38G      1.32     0.895         0      2.21        25       512     0.915     0.755     0.847     0.827      1.77     0.717         0
    83/199     7.38G      1.37      0.83         0       2.2        21       512     0.925      0.71     0.847     0.803      1.78      0.71         0
    84/199     7.38G      1.46     0.856         0      2.31        23       512       0.9      0.76     0.851     0.824      1.78     0.674         0
    85/199     7.38G       1.3      0.83         0      2.13        23       512     0.905     0.736      0.84     0.812      1.78     0.676         0
    86/199     7.38G      1.33     0.791         0      2.12        22       512     0.928      0.72     0.878     0.811      1.85     0.693         0
    87/199     7.38G      1.37      0.82         0      2.19        18       512     0.923     0.714     0.851     0.805      1.86     0.675         0
    88/199     7.38G      1.39      0.81         0       2.2        23       512     0.911     0.771     0.843     0.835       1.8     0.676         0
    89/199     7.38G      1.25     0.815         0      2.06        19       512     0.919     0.754     0.837     0.829      1.83      0.69         0
    90/199     7.38G      1.44     0.845         0      2.29        17       512     0.901     0.789     0.844     0.841      1.78     0.653         0
    91/199     7.38G      1.31     0.812         0      2.12        20       512     0.931     0.771     0.844     0.843      1.84     0.677         0
    92/199     7.38G      1.47     0.795         0      2.26        20       512     0.933     0.781     0.845     0.851       1.8     0.665         0
    93/199     7.38G      1.44     0.778         0      2.22        18       512     0.931     0.777     0.846     0.847      1.87     0.654         0
    94/199     7.38G      1.17     0.835         0      2.01        20       512     0.907     0.701     0.831     0.791      1.81     0.697         0
    95/199     7.38G      1.38     0.779         0      2.15        24       512     0.944     0.692     0.841     0.799      1.81     0.698         0
    96/199     7.38G      1.42     0.779         0       2.2        32       512     0.933     0.753     0.858     0.833      1.72     0.694         0
    97/199     7.38G       1.4     0.826         0      2.23        19       512     0.915     0.767     0.863     0.834      1.76     0.677         0
    98/199     7.38G       1.3     0.761         0      2.07        30       512      0.93     0.756     0.872     0.834      1.77     0.683         0
    99/199     7.38G      1.45     0.807         0      2.26        24       512     0.932     0.645      0.84     0.763      1.84     0.751         0
   100/199     7.38G      1.43     0.835         0      2.26        22       512     0.945     0.743     0.876     0.832      1.81     0.672         0
   101/199     7.38G      1.42     0.769         0      2.19        19       512      0.93     0.754     0.867     0.833       1.7     0.675         0
   102/199     7.38G      1.42     0.716         0      2.13        19       512     0.923     0.717     0.864     0.807      1.74     0.701         0
   103/199     7.38G       1.3     0.735         0      2.04        26       512     0.926     0.733     0.873     0.818      1.76     0.699         0
   104/199     7.38G      1.26      0.75         0      2.01        21       512     0.929     0.783     0.876      0.85      1.75     0.666         0
   105/199     7.38G      1.33     0.741         0      2.07        26       512     0.956     0.697     0.855     0.806      1.75     0.707         0
   106/199     7.38G      1.21     0.677         0      1.88        22       512     0.941      0.74     0.875     0.829      1.79     0.676         0
   107/199     7.38G      1.26     0.765         0      2.02        28       512     0.931     0.744     0.866     0.827      1.75     0.709         0
   108/199     7.38G      1.17     0.763         0      1.93        21       512     0.936     0.709     0.844     0.807      1.83     0.722         0
   109/199     7.38G      1.23     0.675         0       1.9        18       512      0.95      0.72     0.838     0.819      1.78     0.716         0
   110/199     7.38G      1.21     0.732         0      1.94        21       512     0.949     0.701     0.829     0.806      1.75     0.737         0
   111/199     7.38G      1.19     0.742         0      1.93        27       512     0.937     0.724      0.81     0.817      1.88     0.732         0
   112/199     7.38G      1.27      0.71         0      1.98        27       512     0.867     0.749     0.805     0.804       1.8     0.717         0
   113/199     7.38G      1.25     0.674         0      1.92        30       512     0.913     0.731      0.85     0.812      1.82     0.717         0
   114/199     7.38G      1.21     0.681         0      1.89        23       512     0.917     0.654     0.826     0.763      1.79     0.778         0
   115/199     7.38G      1.17      0.76         0      1.93        25       512     0.916     0.702     0.843     0.794       1.7     0.724         0
   116/199     7.38G      1.51     0.698         0      2.21        22       512     0.945     0.714      0.86     0.814      1.75     0.713         0
   117/199     7.38G      1.25     0.744         0      1.99        23       512     0.949      0.73     0.838     0.825      1.74     0.701         0
   118/199     7.38G       1.2     0.716         0      1.91        20       512     0.955     0.757     0.849     0.844      1.73     0.674         0
   119/199     7.38G      1.24     0.704         0      1.94        23       512     0.963     0.698     0.819     0.809      1.79     0.742         0
   120/199     7.38G      1.13     0.682         0      1.81        23       512     0.947     0.692     0.822       0.8      1.81      0.76         0
   121/199     7.38G      1.22     0.682         0       1.9        20       512     0.954     0.698     0.848     0.806      1.75     0.749         0
   122/199     7.38G      1.14     0.729         0      1.87        22       512     0.958     0.701     0.866     0.809      1.68     0.719         0
   123/199     7.38G      1.17     0.682         0      1.85        17       512     0.949     0.697     0.842     0.803       1.8     0.724         0
   124/199     7.38G      1.15     0.693         0      1.84        17       512     0.958      0.73     0.856     0.828      1.79     0.682         0
   125/199     7.38G      1.27     0.684         0      1.95        20       512     0.944     0.724      0.87     0.819      1.75     0.677         0
   126/199     7.38G      1.14     0.683         0      1.83        26       512     0.954     0.705     0.871     0.811      1.74      0.71         0
   127/199     7.38G      1.01     0.667         0      1.67        20       512     0.959     0.729     0.874     0.829      1.68     0.695         0
   128/199     7.38G      1.11     0.692         0       1.8        24       512     0.951     0.728     0.881     0.824      1.68      0.68         0
   129/199     7.38G      1.17     0.703         0      1.87        23       512     0.945     0.736     0.883     0.827      1.74     0.679         0
   130/199     7.38G      1.06     0.691         0      1.75        36       512     0.945     0.708      0.87      0.81      1.75     0.707         0
   131/199     7.38G       1.1     0.657         0      1.76        22       512     0.939     0.722     0.865     0.817      1.77     0.692         0
   132/199     7.38G      1.15     0.654         0       1.8        20       512     0.952     0.739     0.874     0.832      1.76     0.701         0
   133/199     7.38G      1.18     0.696         0      1.88        26       512      0.92     0.722     0.877     0.809      1.71     0.734         0
   134/199     7.38G     0.984     0.638         0      1.62        20       512     0.936     0.713     0.874     0.809      1.74     0.731         0
   135/199     7.38G      1.06     0.691         0      1.75        24       512     0.934     0.734     0.874     0.822      1.71     0.724         0
   136/199     7.38G      1.02     0.612         0      1.63        23       512     0.949     0.733     0.873     0.827      1.69     0.737         0
   137/199     7.38G      1.04     0.639         0      1.68        30       512      0.94     0.774      0.89     0.849      1.61     0.722         0
   138/199     7.38G     0.965     0.612         0      1.58        23       512     0.954     0.711     0.879     0.815      1.65     0.736         0
   139/199     7.38G      1.14      0.64         0      1.78        27       512     0.955     0.718     0.868     0.819      1.66     0.734         0
   140/199     7.38G      1.17     0.659         0      1.83        19       512     0.941     0.738     0.872     0.827      1.68     0.719         0
   141/199     7.38G     0.984     0.625         0      1.61        21       512     0.947     0.742     0.862     0.832       1.7     0.713         0
   142/199     7.38G     0.885     0.608         0      1.49        22       512     0.959      0.72     0.848     0.823      1.73     0.756         0
   143/199     7.38G      1.08     0.629         0      1.71        24       512     0.953     0.729     0.862     0.826      1.69     0.746         0
   144/199     7.38G      1.01     0.603         0      1.62        24       512     0.962      0.73     0.861      0.83      1.72     0.767         0
   145/199     7.38G     0.989      0.64         0      1.63        22       512     0.963     0.742     0.862     0.838      1.68     0.736         0
   146/199     7.38G     0.964     0.602         0      1.57        22       512     0.954     0.728     0.871     0.825       1.7     0.714         0
   147/199     7.38G      1.03     0.593         0      1.62        23       512     0.962     0.724     0.875     0.826      1.68     0.709         0
   148/199     7.38G      1.16     0.611         0      1.77        18       512     0.962     0.728     0.864     0.829      1.71     0.721         0
   149/199     7.38G      1.05     0.607         0      1.66        22       512     0.966     0.719     0.856     0.824      1.67     0.726         0
   150/199     7.38G      1.04     0.616         0      1.66        29       512     0.965     0.699     0.855     0.811      1.71     0.764         0
   151/199     7.38G      1.05     0.567         0      1.62        25       512     0.966     0.722     0.865     0.826      1.67     0.759         0
   152/199     7.38G     0.924     0.611         0      1.54        20       512     0.962     0.719      0.87     0.823      1.66     0.738         0
   153/199     7.38G     0.952     0.596         0      1.55        19       512     0.965       0.7     0.859     0.811      1.68     0.775         0
   154/199     7.38G      1.04     0.604         0      1.64        15       512     0.959     0.678     0.853     0.794      1.67      0.78         0
   155/199     7.38G     0.898     0.581         0      1.48        25       512     0.957     0.712     0.854     0.816      1.71     0.762         0
   156/199     7.38G     0.923     0.606         0      1.53        22       512     0.944     0.726     0.861     0.821      1.69     0.747         0
   157/199     7.38G     0.887     0.597         0      1.48        23       512     0.942     0.761     0.879     0.842      1.62     0.706         0
   158/199     7.38G     0.917      0.57         0      1.49        32       512     0.959     0.746     0.886     0.839      1.59     0.718         0
   159/199     7.38G     0.904     0.568         0      1.47        25       512      0.96     0.728     0.879     0.828       1.6     0.753         0
   160/199     7.38G     0.853     0.546         0       1.4        23       512      0.95     0.728     0.889     0.824      1.59     0.761         0
   161/199     7.38G      1.06     0.583         0      1.65        29       512     0.958     0.733     0.891      0.83      1.59     0.758         0
   162/199     7.38G     0.803     0.561         0      1.36        18       512     0.959     0.731     0.889      0.83      1.61     0.734         0
   163/199     7.38G     0.818     0.547         0      1.37        21       512      0.96     0.732     0.885     0.831      1.61     0.745         0
   164/199     7.38G     0.958     0.555         0      1.51        33       512     0.958     0.732     0.887      0.83      1.62     0.743         0
   165/199     7.38G      0.95     0.526         0      1.48        20       512     0.963     0.738     0.884     0.836      1.58     0.715         0
   166/199     7.38G     0.939     0.554         0      1.49        34       512     0.969     0.724      0.88     0.829      1.59      0.75         0
   167/199     7.38G     0.865     0.529         0      1.39        20       512     0.974     0.729     0.881     0.834      1.59      0.76         0
   168/199     7.38G     0.856     0.531         0      1.39        24       512     0.965     0.742     0.883     0.839      1.61     0.747         0
   169/199     7.38G     0.882     0.539         0      1.42        25       512     0.962     0.734     0.886     0.833      1.59     0.758         0
   170/199     7.38G     0.832     0.567         0       1.4        19       512      0.96     0.735      0.89     0.833       1.6     0.749         0
   171/199     7.38G     0.944     0.531         0      1.48        16       512     0.958     0.729     0.891     0.828      1.59     0.751         0
   172/199     7.38G     0.866      0.51         0      1.38        21       512     0.962     0.717     0.887     0.822      1.59     0.749         0
   173/199     7.38G     0.956      0.53         0      1.49        25       512     0.967     0.717     0.875     0.823      1.61     0.759         0
   174/199     7.38G     0.855     0.566         0      1.42        21       512     0.961     0.745     0.877      0.84      1.59     0.751         0
   175/199     7.38G     0.768     0.535         0       1.3        16       512     0.952     0.729     0.883     0.826       1.6     0.757         0
   176/199     7.38G     0.943     0.548         0      1.49        24       512     0.956     0.722     0.886     0.823      1.56     0.773         0
   177/199     7.38G     0.924      0.58         0       1.5        26       512     0.958     0.727     0.888     0.827      1.56     0.782         0
   178/199     7.38G     0.818     0.513         0      1.33        22       512     0.956     0.735     0.894     0.831      1.56     0.757         0
   179/199     7.38G     0.811     0.511         0      1.32        25       512     0.961     0.731     0.892      0.83      1.57     0.742         0
   180/199     7.38G     0.807     0.509         0      1.32        23       512     0.957     0.725     0.885     0.825      1.57     0.749         0
   181/199     7.38G     0.782     0.492         0      1.27        17       512     0.954     0.738     0.889     0.832      1.55     0.745         0
   182/199     7.38G     0.872     0.511         0      1.38        18       512     0.951     0.738     0.888     0.831      1.55     0.751         0
   183/199     7.38G     0.863     0.556         0      1.42        22       512     0.949      0.74     0.887     0.832      1.55     0.749         0
   184/199     7.38G     0.849     0.545         0      1.39        23       512     0.958     0.743     0.888     0.837      1.53     0.753         0
   185/199     7.38G     0.869     0.494         0      1.36        25       512      0.96      0.73     0.889      0.83      1.55     0.752         0
   186/199     7.38G     0.902     0.572         0      1.47        26       512     0.956     0.736     0.892     0.832      1.56     0.754         0
   187/199     7.38G     0.818     0.512         0      1.33        22       512     0.956     0.736     0.887     0.832      1.58     0.768         0
   188/199     7.38G     0.806     0.509         0      1.31        25       512      0.96     0.729     0.883     0.829      1.58     0.768         0
   189/199     7.38G     0.718     0.535         0      1.25        24       512      0.96     0.727     0.883     0.827      1.57      0.76         0
   190/199     7.38G     0.731     0.505         0      1.24        26       512     0.964     0.728     0.884     0.829      1.57     0.754         0
   191/199     7.38G     0.883     0.515         0       1.4        22       512     0.964     0.718     0.883     0.823      1.57     0.758         0
   192/199     7.38G     0.787     0.519         0      1.31        21       512     0.962      0.72     0.883     0.824      1.59     0.759         0
   193/199     7.38G      0.84     0.529         0      1.37        18       512     0.964     0.727     0.882     0.829      1.59     0.759         0
   194/199     7.38G     0.786     0.506         0      1.29        22       512     0.959     0.714     0.884     0.819      1.57     0.772         0
   195/199     7.38G     0.834     0.528         0      1.36        24       512     0.957     0.711     0.885     0.815      1.58     0.773         0
   196/199     7.38G     0.776     0.511         0      1.29        29       512      0.96     0.733     0.885     0.831      1.56     0.767         0
   197/199     7.38G     0.789     0.517         0      1.31        19       512      0.96     0.732     0.883      0.83      1.58     0.764         0
   198/199     7.38G     0.919      0.49         0      1.41        21       512     0.963     0.726     0.876     0.828       1.6     0.757         0
   199/199     7.38G     0.739     0.495         0      1.23        18       512     0.964     0.738     0.877     0.836       1.6     0.752         0
